SRRacc	Mapped_reads	Ref_recovery%	Avg_fold(x)	Fold_std
ERR4364963	1449899	99.7924	6731.29	8491.87
ERR4365125	1730349	92.6984	7975.84	14620.46
ERR4365209	3248384	99.8159	15139.40	15217.73
ERR4421397	628713	99.9431	2966.24	1732.06
ERR4421538	493422	99.9263	2297.76	1330.58
ERR4439734	55776	99.7891	410.32	349.82
ERR4439752	64853	99.7891	486.27	397.36
ERR4439843	50135	99.7054	374.82	270.87
ERR4439934	61181	99.7757	458.71	413.24
ERR4440037	71452	99.7054	536.26	379.38
ERR4440121	75830	99.8092	550.29	434.98
ERR4440187	22265	98.9588	166.01	155.86
ERR4780288	42736	98.7111	321.02	262.45
ERR5505783	107737	96.5082	487.72	922.16
ERR5509766	33717	77.6230	252.75	276.14
ERR5514445	136807	91.4463	639.03	1381.01
ERR5515580	460930	75.0954	2130.13	5150.98
ERR5627824	20807	85.4737	94.35	108.99
ERR5628809	169643	99.8694	765.22	611.15
ERR5629480	17536	67.5494	80.16	147.71
ERR5629600	44880	95.5809	204.01	218.76
ERR5629633	98607	99.5581	450.69	355.47
ERR5629849	88802	99.8226	413.08	214.57
ERR5630017	25719	91.0613	116.86	117.28
ERR5631335	348972	99.8694	1634.15	1519.58
ERR5631732	40916	98.9856	183.48	140.94
ERR5631741	300153	99.8694	1356.68	1183.09
ERR5631815	17683	89.9263	81.09	79.91
ERR5632024	91977	99.8293	425.72	241.79
ERR5632429	11125	66.5316	51.89	76.79
ERR5633087	830539	99.8326	3810.44	3254.38
ERR5633327	6748	77.1242	28.42	34.50
ERR5633724	17314	64.6635	81.22	136.85
ERR5634532	9753	58.7780	43.61	66.15
ERR5666611	991379	99.8795	4434.63	3252.51
ERR5705739	626282	99.8661	1475.53	745.03
ERR5706286	456643	99.8125	1050.34	618.32
ERR5970893	832177	99.7757	3814.18	2452.56
ERR5970923	690155	99.7556	3132.42	2900.76
ERR5971192	562763	99.8192	2580.39	2100.71
ERR5971795	843210	99.8326	3968.95	3136.23
ERR5972291	956136	99.9766	4509.61	2787.84
ERR4365002	1731164	99.7121	19741.88	35084.47
ERR4365199	616142	99.7087	6887.92	4877.01
ERR4365241	3710847	91.8514	42166.16	73523.41
ERR4365248	60513	99.7087	680.51	533.88
ERR4365302	2565028	99.7121	29157.22	41820.92
ERR4365335	1018159	99.5815	11389.65	17030.03
ERR4807226	43670	98.7379	517.50	817.85
ERR5495454	204862	88.4031	2302.29	3390.41
ERR5495833	353246	88.6676	3979.81	4685.38
ERR5497159	140144	69.7958	1573.23	2932.99
ERR5497385	66871	67.7536	748.74	1534.01
ERR5501241	265992	83.9638	2987.03	4329.74
ERR5504174	32295	90.8939	365.76	630.05
ERR5505512	408287	92.4272	4592.45	5500.10
ERR5505820	145901	77.6699	1640.42	2685.47
ERR5506471	5563	95.0418	62.59	68.67
ERR5506735	16049	92.2899	182.73	286.96
ERR5507040	5597	99.7054	63.12	47.18
ERR5508755	12899	88.0281	146.45	252.77
ERR5509159	21297	86.4714	242.93	453.25
ERR5509172	34380	98.7211	390.75	627.99
ERR5510726	6262	97.7235	70.30	65.45
ERR5512392	23690	99.7054	281.05	482.84
ERR5514246	18690	91.3224	212.00	397.30
ERR5514452	43167	98.7211	491.49	780.27
ERR5515901	10332	87.1510	117.08	232.28
ERR5516042	5740	97.7469	64.67	62.48
ERR5516092	53942	98.7211	613.08	790.35
ERR5516312	11640	99.7087	131.11	121.01
ERR5517159	23733	79.3137	270.88	477.46
ERR5517491	28925	94.7841	329.32	631.27
ERR5629132	158955	99.7087	1808.06	1534.27
ERR5633398	137260	99.7121	1562.07	1422.39
ERR5971452	26596	99.7087	302.79	234.57
ERR5971977	31165	99.7087	355.44	376.95
ERR5972444	196321	99.7121	2234.73	1302.59
ERR5972500	31134	99.7087	355.21	246.64
ERR5973485	135523	99.7087	1538.92	958.43
ERR6297717	11866	99.7054	134.52	247.38
ERR6301383	16658	99.7087	192.54	511.44
ERR4969165	219800	63.2139	899.31	1829.30
ERR4969174	3114	5.8319	26.77	170.74
ERR4969175	236113	39.7790	1003.45	2376.45
ERR4969176	7698	7.0572	67.21	542.14
ERR4969177	5225	5.2695	43.77	403.90
ERR4969178	94	3.2541	0.19	4.83
ERR4969179	11635	9.2769	99.77	756.76
ERR4969180	107	3.1503	0.22	5.58
ERR4969181	17520	3.0264	155.89	1521.27
ERR4969182	2387	7.1945	20.04	145.67
ERR4969183	22858	4.1212	201.29	1869.26
ERR4969184	125912	51.5835	538.87	1348.94
ERR4969185	41649	17.0238	362.91	1462.42
ERR4969186	24850	13.5922	211.52	835.96
ERR4969187	129726	35.3197	560.10	1983.93
ERR4969189	241277	11.7677	1113.92	5876.12
ERR4969190	191325	11.8045	825.36	6578.86
ERR4969191	40499	99.8661	354.13	319.28
ERR4969192	390829	99.8159	1693.91	2212.94
ERR4969193	17198	98.9990	152.15	149.78
ERR4969194	467978	87.0673	2038.71	5297.53
ERR4969195	210915	77.9612	927.42	2174.05
ERR4969196	237531	98.7479	1038.63	1746.81
ERR4969197	16582	98.3729	143.86	131.14
ERR4969198	18721	98.1353	80.36	76.10
ERR4969199	368773	99.6150	1614.46	2355.74
ERR4969200	624212	99.7690	2723.12	3786.01
ERR4969201	334936	99.4576	1465.70	1851.19
ERR4969202	417770	89.9297	1829.71	4335.93
ERR4969203	589003	99.6418	2592.85	4326.70
ERR4969204	935871	84.1982	4094.78	7992.35
ERR4969205	647	1.4094	1.23	38.23
ERR4969206	800	1.5735	1.58	46.76
ERR4969207	541	5.0787	4.09	31.74
ERR4969208	15351	8.1118	129.85	944.20
ERR4969209	395867	40.9207	1743.44	5119.13
ERR4969210	28032	16.9501	239.97	994.75
ERR4969211	150	0.5557	0.27	8.33
ERR4969213	24205	7.9612	208.17	1217.70
ERR4969215	622987	56.7559	2772.17	7719.64
ERR4969995	246759	99.9063	1087.65	989.25
ERR4969996	339333	99.8125	1490.32	1512.34
ERR4969997	310320	99.9029	1355.22	1176.59
ERR4969998	385614	99.8125	1683.82	1523.24
ERR4969999	189092	99.8226	782.99	624.33
ERR4970000	292497	99.2534	1281.13	1142.71
ERR4970001	113753	99.2936	501.99	450.77
ERR4970002	297688	99.8192	1270.61	1129.86
ERR4970003	490688	99.8125	2138.42	1990.39
ERR4970004	368647	99.8125	1623.08	1475.24
ERR4970005	288825	99.9397	1263.78	1132.63
ERR4970006	600856	99.6920	2629.55	4312.33
ERR4970007	122347	99.1262	535.17	514.00
ERR4970008	115731	98.5203	509.65	524.06
ERR4970009	496767	99.8259	2161.37	2617.80
ERR4970044	476206	99.8226	2078.83	1751.57
ERR4970045	1066912	99.8326	4653.45	3682.68
ERR4970046	726653	99.8159	3154.37	2596.53
ERR4970047	540220	99.8326	2355.18	2016.19
ERR4970048	655746	99.9531	2886.31	2455.02
ERR4970049	782480	99.9063	3420.11	2670.28
ERR4970050	795762	99.8125	3476.99	3475.69
ERR4970051	1083801	99.8326	4705.38	5083.35
ERR4970052	732294	99.8125	3226.51	3246.88
ERR4970053	1444757	99.9364	6257.08	4759.01
ERR4970054	1010843	99.9799	4418.28	3567.32
ERR4970055	1207000	99.8159	5329.67	4411.40
ERR4970056	963056	99.8159	4211.46	3315.37
ERR4970057	1494423	99.8125	6568.03	5271.28
ERR4970058	1493281	99.8594	6456.58	8142.06
ERR4970059	1665766	99.8326	7354.47	6768.44
ERR4970060	2271824	99.8326	9939.20	7449.30
ERR4970061	2563488	99.8259	11213.36	15708.02
ERR4970062	3867932	99.8259	17239.01	19143.92
ERR4970065	5538	99.4945	47.94	35.09
ERR4969005	33133	59.6987	280.13	508.23
ERR4969008	59030	99.7087	531.05	280.48
ERR4969036	140	2.0321	1.16	11.45
ERR4969039	5726	18.5906	50.59	207.13
ERR4969040	14737	37.6733	127.49	287.74
ERR4969042	491	8.7513	4.13	20.68
ERR4969043	1172	10.3850	10.18	94.68
ERR4969044	4636	8.8483	39.80	312.35
ERR4969045	2765	6.1667	23.97	185.87
ERR4969046	1119	8.6341	10.23	95.11
ERR4969047	598	4.4459	4.60	29.35
ERR4969048	1064	13.3110	8.83	68.61
ERR4969050	18391	33.3378	161.45	490.69
ERR4969051	2044	12.7017	17.52	76.05
ERR4969052	6195	43.3278	53.56	135.58
ERR4969072	81975	99.7121	934.97	378.42
ERR4969132	103	2.5678	1.31	11.37
ERR4969133	590	15.2394	7.72	26.98
ERR4969134	6024	56.8899	68.59	126.48
ERR4969135	1382	32.9193	15.65	33.87
ERR4969136	284	7.5527	3.65	27.06
ERR4969137	1652	41.3827	18.70	42.09
ERR4969138	137	2.6013	1.77	15.31
ERR4969139	72	4.0007	0.94	5.33
ERR4969140	299	4.6133	3.81	29.63
ERR4969141	25	1.2822	0.31	2.77
ERR4969142	131	5.9893	1.67	11.67
ERR4969144	383	9.2233	5.00	21.95
ERR4969145	359	11.9317	4.62	18.20
ERR4969146	2488	30.2645	28.76	88.91
ERR4969312	69086	99.7087	629.58	421.97
ERR4969313	68338	99.7121	629.15	414.94
ERR4969314	69809	99.7054	634.97	467.91
ERR4969315	69741	99.7121	635.95	531.61
ERR4969316	95786	99.7087	901.95	576.54
ERR4969317	83666	99.7087	772.54	512.32
ERR4969318	52210	99.7087	476.10	316.88
ERR4969319	80211	99.7087	731.12	469.85
ERR4969320	72442	99.6552	658.93	510.42
ERR4969321	69420	99.7054	650.54	514.58
ERR4969322	82623	98.7646	745.22	496.88
ERR4969323	71893	98.8751	663.36	422.57
ERR4969324	81367	99.7087	755.92	456.30
ERR4969325	55543	90.9240	511.91	837.77
ERR4969326	46225	99.7087	420.53	276.45
ERR4969327	94655	99.7054	885.12	916.94
ERR4969328	36779	99.7087	334.61	212.70
ERR4969329	77272	99.7121	715.70	433.67
ERR4969330	70590	99.7121	645.31	519.55
ERR4969331	92289	99.7054	849.02	711.25
ERR4969332	97305	99.7087	906.49	621.34
ERR4969333	97866	99.7087	920.85	849.36
ERR4969334	51333	99.7054	460.97	300.10
ERR4969335	46173	98.7680	416.16	287.14
ERR4969336	56625	99.0559	520.33	380.26
ERR4969337	58423	99.7054	531.67	358.45
ERR4969338	52778	99.7087	479.16	303.46
ERR4969339	58714	99.7087	536.75	340.45
ERR4969340	69179	99.7087	643.22	420.54
ERR4969341	60587	99.6585	552.03	412.06
ERR4969342	115574	98.7747	1100.43	1016.36
ERR4969343	86608	99.6953	799.71	1068.99
ERR4969344	120855	99.7087	1129.70	689.55
ERR4969345	99423	99.7087	922.96	746.97
ERR4969346	117333	99.7121	1086.44	654.93
ERR4969347	69035	99.7087	639.45	585.79
ERR4969348	83180	99.7087	763.37	534.95
ERR4969349	80623	99.7121	740.82	686.13
ERR4969350	81650	94.7305	755.66	992.05
ERR4969351	137357	99.7087	1275.35	810.78
ERR4969352	104801	99.5514	947.79	1007.61
ERR4969353	87306	99.7087	806.28	518.06
ERR4969354	106371	99.7121	994.42	603.63
ERR4969355	107886	99.7087	999.57	603.40
ERR4969356	110429	99.7087	1019.23	658.57
ERR4969357	92202	99.7054	858.77	896.38
ERR4969358	88254	99.6887	809.30	878.66
ERR4969359	89746	96.0261	825.78	1071.13
ERR4969360	50752	10.4051	478.41	2534.05
ERR4969361	58817	15.3331	567.67	2099.08
ERR4969362	4216	3.4148	31.34	215.67
ERR4969363	7129	5.3498	61.89	324.40
ERR4969364	17705	10.9307	164.78	914.16
ERR4969365	59467	36.6555	556.28	1490.71
ERR4969366	44734	14.9146	417.02	1788.87
ERR4969367	55733	13.3211	534.46	2426.14
ERR4969368	95276	52.9997	888.00	2027.41
ERR4969373	39602	99.7087	450.94	371.32
ERR4969374	20654	99.7054	234.99	253.01
ERR4969375	11688	97.9879	132.59	183.48
ERR4969376	82001	99.7087	936.13	390.46
ERR4969377	84293	99.7087	962.21	374.07
ERR4969378	79036	99.7087	900.92	385.83
ERR4969379	67193	99.7087	765.50	403.09
ERR4969380	87615	99.7121	1001.08	390.33
ERR4969381	87783	99.7087	1001.67	371.16
ERR4969382	49516	99.7087	563.47	385.74
ERR4969383	32317	99.7087	367.69	325.70
ERR4969384	31818	98.7680	362.50	341.37
ERR4969385	86724	99.7087	990.32	384.72
ERR4969386	77789	99.7087	887.35	387.82
ERR4969387	50199	99.7121	570.35	397.78
ERR4969388	27377	99.7087	311.87	312.60
ERR4969389	82700	99.7087	943.49	380.93
ERR4969390	33231	99.7087	378.13	341.87
ERR4969391	31805	99.7054	361.36	332.64
ERR4969392	82364	99.7087	939.29	385.09
ERR4969393	87472	99.7087	998.23	379.13
ERR4969394	92707	99.7121	1059.49	365.35
ERR4969395	94365	99.7121	1078.86	352.65
ERR4969396	92146	99.7121	1052.46	376.61
ERR4969397	86261	99.7087	984.95	384.14
ERR4969398	74964	99.7087	854.68	398.57
ERR4969399	91715	99.7087	1048.05	358.94
ERR4969400	63656	99.7087	725.08	416.80
ERR4969401	90642	99.7121	1036.08	369.81
ERR4969426	64445	99.7121	733.94	416.35
ERR4969427	87922	99.7121	1003.96	376.95
ERR4969428	89342	99.7121	1020.26	371.74
ERR4969429	91270	99.7121	1042.57	380.62
ERR4969430	90544	99.7087	1033.97	372.36
ERR4969431	85740	99.7087	978.73	379.01
ERR4969432	17431	97.1878	198.11	229.74
ERR4969433	78895	99.7087	898.33	379.44
ERR4969434	44156	99.7054	501.98	401.21
ERR4969435	92342	99.7087	1055.09	375.52
ERR4969436	86821	99.7087	990.78	379.22
ERR4969437	12125	97.9176	137.74	168.42
ERR4969438	88592	99.7087	1011.64	378.09
ERR4969439	92980	99.7087	1062.30	365.49
ERR4969440	93869	99.7121	1072.16	359.66
ERR4969442	139	10.5993	1.83	7.05
ERR4969443	74	5.2963	0.95	5.57
ERR4969444	42	6.6120	0.56	3.92
ERR4969445	1103	30.8035	12.44	35.64
ERR4969446	1636	36.1969	18.62	48.16
ERR4969447	3058	71.5601	34.79	66.27
ERR4969448	2433	66.2471	27.65	52.52
ERR4969449	4159	75.4670	47.41	83.52
ERR4969450	3774	77.2682	42.84	95.05
SRR11397718	755596	99.7355	3532.43	2843.64
SRR11397719	964853	97.8641	4471.12	4330.39
SRR11397720	553220	99.6217	2547.02	1453.49
SRR11397722	899620	99.7121	10253.68	7736.53
SRR11397723	419079	99.7087	4753.88	4425.74
SRR11397724	464829	99.7121	5266.72	3351.09
SRR11410538	610262	98.9153	4223.61	4581.24
SRR11410540	697396	99.6719	4813.41	4603.32
SRR11410537	2800830	99.7188	31744.84	29970.42
SRR11410539	2473521	99.7087	28060.57	23516.63
SRR11542244	233553	83.1369	622.63	936.79
SRR11547279	12801	78.3763	145.35	210.38
SRR11593354	3234613	99.7891	24464.05	16780.12
SRR11593355	2583810	99.8092	19508.38	12738.50
SRR11593356	2261944	99.7891	17050.99	14416.02
SRR11593357	1730146	99.8427	13056.96	7264.60
SRR11593358	2083142	99.4978	15753.65	11837.18
SRR11593351	882463	99.7087	10012.78	8908.37
SRR11593352	757998	99.7154	8606.36	7293.78
SRR11593353	741037	98.7580	8417.88	7624.39
SRR11593363	1002270	98.7412	11376.02	10965.08
SRR11593417	580574	99.7389	6596.58	6939.90
SRR13402847	346578	99.4309	1392.25	931.01
SRR13402848	302729	99.8025	1167.84	933.16
SRR13402840	18623	99.7087	210.57	123.51
SRR13402841	20260	99.7087	229.76	160.28
SRR12447386	164	26.5149	0.42	1.67
SRR12447387	527251	99.8594	4649.86	3556.54
SRR12447388	365402	99.7757	3216.38	3100.73
SRR12447389	418740	99.8862	3659.95	2630.46
SRR12447390	628002	99.8761	5503.38	5081.51
SRR12447391	446042	99.8661	3879.68	3504.70
SRR12447392	333834	99.9531	2870.24	4278.73
SRR12447393	116	32.6816	0.42	0.70
SRR12447394	751169	99.9531	6644.24	5478.15
SRR12447395	798993	99.8862	7074.83	5707.09
SRR12447396	817643	99.7891	7281.40	5972.53
SRR12447398	778309	99.7891	6771.57	4595.40
SRR12447399	572392	99.8895	3899.49	3609.47
SRR12447400	651743	99.7891	5467.03	3774.16
SRR12447401	791380	99.9263	7027.66	5185.29
SRR12447402	669856	99.8125	5798.89	5650.63
SRR12447403	827467	99.8962	7249.39	4071.60
SRR12447404	566308	99.9900	5085.00	2368.63
SRR12447429	639181	99.8192	5741.19	2656.93
SRR12447462	755983	99.8761	6609.84	2745.57
SRR12480527	5525	99.9096	63.47	21.39
SRR12480564	14952	99.8895	185.23	63.72
SRR12480567	14425	99.8962	176.24	54.89
SRR12447368	15662	99.7087	180.39	61.57
SRR12447371	15349	99.7087	176.22	54.47
SRR12447380	15711	99.7087	180.38	58.88
SRR12447493	16086	99.7087	185.70	64.00
SRR12447494	15831	99.7087	182.46	61.19
SRR12447495	16390	99.7087	188.35	68.54
SRR12447496	16038	99.7087	183.63	65.71
SRR12447498	16201	99.7054	185.68	65.62
SRR12447500	15147	99.7054	173.84	54.29
SRR12447502	15961	99.7087	182.90	62.46
SRR12447503	16012	99.7087	184.12	61.96
SRR12447504	15845	99.7087	182.21	60.14
SRR12447505	16063	99.7154	184.43	63.78
SRR12447506	15736	99.7087	180.25	59.90
SRR12447507	14228	99.7054	162.53	72.73
SRR12447509	13578	99.6953	155.10	80.70
SRR12447510	15669	99.7121	179.55	58.43
SRR12447511	15868	99.7087	182.23	60.14
SRR12447512	15792	99.7087	180.84	58.88
SRR12447513	15486	99.7087	177.60	57.29
SRR12480534	16422	99.7087	189.03	65.35
SRR12480535	16906	99.7087	192.98	66.29
SRR12480536	17617	99.7087	200.99	71.85
SRR12480537	16108	99.7087	184.32	66.04
SRR12480539	16425	99.7054	187.89	67.03
SRR12480541	15207	99.7054	174.44	54.41
SRR12480543	16340	99.7087	186.23	63.51
SRR12480544	16522	99.7087	189.00	64.51
SRR12480545	16201	99.7087	185.73	61.38
SRR12480546	16246	99.7154	186.27	64.46
SRR12480547	15989	99.7087	182.59	60.27
SRR12480548	14258	99.7054	162.85	72.89
SRR12480550	13586	99.6953	155.17	80.74
SRR12480551	16086	99.7121	183.36	59.48
SRR12480552	16171	99.7087	185.26	60.90
SRR12480553	16506	99.7087	187.53	61.71
SRR12480554	16606	99.7087	188.37	60.32
SRR13870625	155071	100.0000	740.88	1541.32
SRR13870626	140141	100.0000	668.10	1339.60
SRR13870646	3146201	100.0000	13886.65	7810.77
SRR13870647	200029	100.0000	957.20	1957.57
SRR13870648	165906	99.9900	793.83	1489.62
SRR13870651	2614515	99.9900	11760.49	6311.35
SRR13870653	1490665	99.9732	6671.16	3792.53
SRR13870654	2054345	99.9464	9250.49	4827.20
SRR13870657	1894778	99.9464	7966.70	5001.32
SRR13870658	2253212	99.9665	9883.06	5819.64
SRR13870668	5984415	99.9900	28366.27	28973.96
SRR13870669	6935357	100.0000	32837.35	32373.38
SRR13870670	6513244	99.9933	30875.05	29860.30
SRR13870671	5517071	99.9967	26134.92	26125.12
SRR13870672	5498022	100.0000	26024.05	25113.71
SRR13870673	6395267	100.0000	30281.62	31356.36
SRR13870681	145935	100.0000	697.63	1514.22
SRR13870682	241322	99.9900	1155.33	2377.74
SRR13870633	194966	99.9967	3969.91	2115.56
SRR13870634	184947	100.0000	4189.80	2088.22
SRR13870635	224223	100.0000	4502.01	2545.61
SRR13870636	217183	100.0000	4960.81	2519.76
SRR13870638	277994	100.0000	6099.10	3349.11
SRR13870639	294766	100.0000	6940.63	3649.40
